11011
111010101
10011111001101101110111010101111110101101101110111110100111111101101010111011101110110111111010110101111111111
11011
111010101
11111110011101011110111101011011101111101110101110100111111011001110101111100111010110111111101011111001110111
1101101
1110101010
11101110011100110111011010101110011110101011100111101101010100111011110011010101111110101010111101010111001100
1101101
1110101010
11111101110011100110111101011100101110101110111010101011111011001101010111011010110110011110111010101101011110
1101101
1110101010
110011110101010111010101101010
1101101
1110101010
000000000110011110101010111010101101010000000000
110
11101
0000000000000110011110101010111010101101010000000000
1101101
1110101010
11001111010101011101010110101000000000000000
100
110
010010110
101
1101
01110010000011100110